Extracting RNA from 96 samples with the MN-Vet kit

Prefill plate with EtOH80p

    Spread: 600.0 킠 of Ethanol 80% 
        Spread: 600.0 킠 of Ethanol 80%  (59904.0 킠 total) from [grid:23 site:6 well:[1]] into Plate EtOH[grid:25 site:3] in order [1, 2, 3, 4, 9, 10, 11, 12, 17, 18, 19, 20, 25, 26, 27, 28, 33, 34, 35, 36, 41, 42, 43, 44, 49, 50, 51, 52, 57, 58, 59, 60, 65, 66, 67, 68, 73, 74, 75, 76, 81, 82, 83, 84, 89, 90, 91, 92, 93, 94, 95, 96, 85, 86, 87, 88, 77, 78, 79, 80, 69, 70, 71, 72, 61, 62, 63, 64, 53, 54, 55, 56, 45, 46, 47, 48, 37, 38, 39, 40, 29, 30, 31, 32, 21, 22, 23, 24, 13, 14, 15, 16, 5, 6, 7, 8]:

Sample Lysis

    preMix: 3916.8 킠 of ProtK+cRNA+IC-MS2 mix 
        preMix: 3916.8 킠 of ProtK+cRNA+IC-MS2 mix  into Reactives[grid:19 site:1 well:[8, 9]] from 3 components:
           1- 460.8 킠 of Carrier RNA  from Reactives[grid:19 site:1 wells:[14]]
           2- 2304.0 킠 of Proteinase K  from Reactives[grid:19 site:1 wells:[15, 16]]
           3- 1152.0 킠 of IC MS2 phage culture  from Reactives[grid:19 site:1 wells:[13]]

    Spread: 34.0 킠 of ProtK+cRNA+IC-MS2 mix 
        Spread: 34.0 킠 of ProtK+cRNA+IC-MS2 mix  (3916.8 킠 total) from [grid:19 site:1 well:[8, 9]] into Plate lysis[grid:25 site:1] in order [1, 2, 3, 4, 9, 10, 11, 12, 17, 18, 19, 20, 25, 26, 27, 28, 33, 34, 35, 36, 41, 42, 43, 44, 49, 50, 51, 52, 57, 58, 59, 60, 65, 66, 67, 68, 73, 74, 75, 76, 81, 82, 83, 84, 89, 90, 91, 92, 93, 94, 95, 96, 85, 86, 87, 88, 77, 78, 79, 80, 69, 70, 71, 72, 61, 62, 63, 64, 53, 54, 55, 56, 45, 46, 47, 48, 37, 38, 39, 40, 29, 30, 31, 32, 21, 22, 23, 24, 13, 14, 15, 16, 5, 6, 7, 8]:

    Spread: 100.0 킠 of VL - Lysis Buffer 
        Spread: 100.0 킠 of VL - Lysis Buffer  (9984.0 킠 total) from [grid:23 site:5 well:[1]] into Plate lysis[grid:25 site:1] in order [1, 2, 3, 4, 9, 10, 11, 12, 17, 18, 19, 20, 25, 26, 27, 28, 33, 34, 35, 36, 41, 42, 43, 44, 49, 50, 51, 52, 57, 58, 59, 60, 65, 66, 67, 68, 73, 74, 75, 76, 81, 82, 83, 84, 89, 90, 91, 92, 93, 94, 95, 96, 85, 86, 87, 88, 77, 78, 79, 80, 69, 70, 71, 72, 61, 62, 63, 64, 53, 54, 55, 56, 45, 46, 47, 48, 37, 38, 39, 40, 29, 30, 31, 32, 21, 22, 23, 24, 13, 14, 15, 16, 5, 6, 7, 8]:

Beads binding

    Spread: 20.0 킠 of B - Beads 
        Spread: 20.0 킠 of B - Beads  (1996.8 킠 total) from [grid:19 site:1 well:[1, 2]] into Plate lysis[grid:25 site:1] in order [1, 2, 3, 4, 9, 10, 11, 12, 17, 18, 19, 20, 25, 26, 27, 28, 33, 34, 35, 36, 41, 42, 43, 44, 49, 50, 51, 52, 57, 58, 59, 60, 65, 66, 67, 68, 73, 74, 75, 76, 81, 82, 83, 84, 89, 90, 91, 92, 93, 94, 95, 96, 85, 86, 87, 88, 77, 78, 79, 80, 69, 70, 71, 72, 61, 62, 63, 64, 53, 54, 55, 56, 45, 46, 47, 48, 37, 38, 39, 40, 29, 30, 31, 32, 21, 22, 23, 24, 13, 14, 15, 16, 5, 6, 7, 8]:

    Spread: 350.0 킠 of VEB - Binding Buffer 
        Spread: 350.0 킠 of VEB - Binding Buffer  (34944.0 킠 total) from [grid:23 site:4 well:[1]] into Plate lysis[grid:25 site:1] in order [1, 2, 3, 4, 9, 10, 11, 12, 17, 18, 19, 20, 25, 26, 27, 28, 33, 34, 35, 36, 41, 42, 43, 44, 49, 50, 51, 52, 57, 58, 59, 60, 65, 66, 67, 68, 73, 74, 75, 76, 81, 82, 83, 84, 89, 90, 91, 92, 93, 94, 95, 96, 85, 86, 87, 88, 77, 78, 79, 80, 69, 70, 71, 72, 61, 62, 63, 64, 53, 54, 55, 56, 45, 46, 47, 48, 37, 38, 39, 40, 29, 30, 31, 32, 21, 22, 23, 24, 13, 14, 15, 16, 5, 6, 7, 8]:
